-0.91,2.01,4.43,
-0.88,1.96,4.37,
-0.89,1.93,4.4,
-0.89,1.91,4.4,
-0.75,1.9,4.2,
-0.72,1.9,4.14,
-0.71,1.88,4.17,
-0.78,1.79,4.81,
-1.01,6.75,6.68,
-0.67,2.13,4.42,
-0.61,1.83,4.05,
-0.68,2.4,4.61,
-0.59,1.85,4.05,
-0.59,1.83,4.04,
-0.56,1.82,4.02,
-0.51,1.82,3.96,
-0.57,2.36,4.65,
-0.62,1.63,5.07,
-0.57,2.35,4.65,
-0.49,1.85,3.97,
-0.5,1.76,4.12,
-0.47,1.82,3.94,
-0.44,1.73,4.07,
-0.44,1.75,4.04,
-0.44,1.73,4.04,
-0.46,1.7,4.35,
-0.49,3.3,4.69,
-0.48,4.38,4.71,
-0.45,2.44,4.56,
-0.45,2.82,4.58,
-0.42,1.67,4.33,
-0.43,2.61,4.51,
-0.44,4.12,4.72,
-0.36,1.76,3.87,
-0.41,2.23,4.48,
-0.43,4.07,4.7,
-0.37,1.65,4.26,
-0.39,2.3,4.49,
-0.39,3.59,4.59,
-0.41,1.52,4.83,
-0.32,1.72,3.82,
-0.37,2.84,4.49,
-0.31,1.72,3.76,
-0.36,2.34,4.42,
-0.36,2.66,4.47,
-0.36,2.55,4.44,
-0.36,3.49,4.54,
-0.37,4.01,4.6,
-0.36,3.55,4.55,
-0.37,4.26,4.73,
-0.34,2.62,4.45,
-0.36,4.56,4.63,
-0.36,3.98,4.63,
-0.34,2.83,4.45,
-0.34,2.74,4.46,
-0.34,2.75,4.46,
-0.34,2.81,4.47,
-0.29,1.72,3.79,
-0.33,2.56,4.44,
-0.33,2.43,4.41,
-0.31,1.64,4.12,
-0.33,3.13,4.45,
-0.33,2.76,4.46,
-0.33,2.71,4.44,
-0.32,3.06,4.49,
-0.32,2.94,4.46,
-0.33,3.57,4.55,
-0.27,1.73,3.76,
-0.32,2.55,4.42,
-0.32,2.86,4.45,
-0.32,2.78,4.43,
-0.33,4.32,4.61,
-0.32,2.77,4.44,
-0.31,2.82,4.43,
-0.31,2.89,4.44,
-0.31,3.11,4.46,
-0.31,2.92,4.44,
-0.3,3.32,4.45,
-0.3,3.32,4.5,
-0.3,2.8,4.43,
-0.3,3.05,4.47,
-0.3,3.56,4.53,
-0.3,3.59,4.53,
-0.29,2.93,4.46,
-0.29,3.21,4.47,
-0.29,2.99,4.45,
-0.24,1.72,3.71,
-0.29,4.66,4.58,
-0.28,3.17,4.48,
-0.26,3.38,4.45,
-0.27,3.99,4.57,
-0.25,3.52,4.43,
-0.25,3.32,4.43,
-0.25,3.32,4.43,
-0.21,1.71,3.71,
-0.26,4.68,4.58,
-0.26,4.68,4.58,
-0.21,1.71,3.67,
-0.25,3.24,4.47,
-0.25,4.68,4.56,
-0.25,4.8,4.56,
-0.18,1.72,3.65,
-0.22,4.25,4.46,
-0.21,3.31,4.37,
-0.21,3.32,4.39,
-0.22,4.24,4.49,
-0.18,1.69,3.67,
-0.17,1.68,3.69,
-0.19,3.31,4.35,
-0.19,4.6,4.46,
-0.18,3.45,4.31,
-0.19,4.97,4.52,
-0.18,3.83,4.42,
-0.15,1.68,3.67,
-0.18,3.29,4.36,
-0.18,3.26,4.52,
-0.18,4.84,4.47,
-0.17,4.94,4.5,
-0.14,1.7,3.61,
-0.17,4.85,4.49,
-0.17,2.97,4.56,
-0.16,3.3,4.51,
-0.15,2.22,4.21,
-0.16,4.72,4.45,
-0.15,3.53,4.37,
-0.13,1.65,3.72,
-0.15,4.54,4.45,
-0.15,3.84,4.42,
-0.15,4.75,4.44,
-0.15,3.87,4.39,
-0.15,4.67,4.43,
-0.15,3.5,4.35,
-0.15,2.59,4.56,
-0.15,3.54,4.37,
-0.15,2.64,4.57,
-0.14,3.3,4.32,
-0.13,3.48,4.34,
-0.11,1.67,3.57,
-0.13,3.58,4.37,
-0.13,2.62,4.58,
-0.13,2.62,4.58,
-0.13,2.64,4.57,
-0.13,2.64,4.57,
-0.13,3.02,4.57,
-0.12,4.78,4.42,
-0.12,3.67,4.33,
-0.12,3.83,4.38,
-0.12,3.79,4.36,
-0.12,4.13,4.38,
-0.12,3.61,4.34,
-0.1,1.6,3.88,
-0.12,2.56,4.56,
-0.12,2.64,4.57,
-0.09,1.66,3.58,
-0.09,4.72,4.39,
-0.08,4.55,4.41,
-0.08,3.82,4.34,
-0.08,4.16,4.36,
-0.08,4.14,4.36,
-0.08,4.14,4.36,
-0.11,0.95,6.47,
-0.07,4.48,4.38,
-0.07,4.46,4.38,
-0.07,4.46,4.38,
-0.06,3.82,4.34,
-0.06,4.51,4.4,
-0.06,3.25,4.46,
-0.05,1.63,3.54,
-0.06,4.72,4.37,
-0.05,4.72,4.35,
-0.04,1.65,3.54,
-0.05,3.8,4.3,
-0.04,3.41,4.26,
-0.04,2.22,4.15,
-0.04,4.12,4.32,
-0.02,4.47,4.34,
-0.02,1.66,3.51,
-0.01,4.14,4.3,
-0.0,3.19,4.17,
-0.0,1.67,3.49,
0.0,3.79,4.28,
0.0,2.15,4.03,
0.01,4.3,4.5,
0.01,4.06,4.27,
0.01,3.18,4.15,
0.02,4.61,4.28,
0.04,3.17,4.15,
0.04,3.19,4.15,
0.07,0.83,6.43,
0.05,3.15,4.15,
0.05,3.18,4.15,
0.05,3.71,4.19,
0.06,3.2,4.15,
0.06,3.18,4.15,
0.07,3.72,4.17,
0.07,4.02,4.16,
0.08,4.65,4.24,
0.08,3.74,4.17,
0.08,3.17,4.3,
0.08,4.04,4.19,
0.08,1.45,4.03,
0.09,3.75,4.17,
0.09,4.56,4.21,
0.09,3.15,4.1,
0.09,3.38,4.11,
0.09,3.8,4.16,
0.09,3.17,4.11,
0.09,3.84,4.18,
0.1,4.56,4.21,
0.1,4.73,4.21,
0.11,3.13,4.06,
0.16,0.84,6.2,
0.12,3.35,4.12,
0.1,1.64,3.4,
0.12,2.08,3.92,
0.14,3.99,4.14,
0.13,3.17,4.06,
0.14,2.08,3.94,
0.14,3.13,4.02,
0.15,3.1,4.03,
0.13,1.61,3.38,
0.14,1.62,3.38,
0.19,3.95,4.09,
0.19,4.65,4.13,
0.18,3.08,3.99,
0.19,3.1,3.99,
0.19,4.29,4.09,
0.19,3.34,4.02,
0.2,3.58,4.03,
0.17,1.63,3.36,
0.2,3.32,4.02,
0.21,4.6,4.09,
0.21,3.64,4.05,
0.21,3.1,3.95,
0.21,3.1,3.95,
0.22,3.96,4.07,
0.22,3.08,3.95,
0.24,4.57,4.08,
0.24,4.63,4.09,
0.24,3.49,4.02,
0.24,3.61,4.01,
0.24,3.97,4.03,
0.24,3.26,3.99,
0.25,3.97,4.05,
0.24,3.13,3.93,
0.25,3.22,3.96,
0.25,3.63,3.99,
0.21,1.57,3.33,
0.26,3.99,4.03,
0.26,3.96,4.05,
0.26,3.39,3.96,
0.26,3.42,3.96,
0.34,1.01,5.07,
0.27,3.6,3.99,
0.27,3.58,4.0,
0.26,2.07,3.79,
0.28,4.22,4.04,
0.28,4.08,4.04,
0.28,3.47,3.93,
0.27,2.09,3.81,
0.24,1.59,3.26,
0.29,3.64,3.94,
0.31,4.62,4.04,
0.29,3.03,3.88,
0.29,2.39,3.82,
0.31,4.22,4.0,
0.31,4.21,3.99,
0.32,3.87,3.97,
0.31,2.41,3.8,
0.32,2.84,3.86,
0.31,2.33,3.8,
0.32,2.97,3.85,
0.33,3.82,3.93,
0.32,2.85,3.84,
0.32,3.06,3.86,
0.32,2.84,3.83,
0.33,3.23,3.9,
0.32,2.29,3.8,
0.33,2.82,3.85,
0.32,2.13,3.76,
0.34,3.05,3.85,
0.33,2.09,3.75,
0.33,2.43,3.79,
0.33,2.43,3.79,
0.34,3.12,3.84,
0.34,3.06,3.84,
0.34,3.04,3.84,
0.34,3.2,3.85,
0.35,3.19,3.88,
0.35,3.85,3.91,
0.35,3.0,3.83,
0.35,2.84,3.83,
0.36,3.02,3.84,
0.36,2.82,3.83,
0.36,3.15,3.85,
0.36,3.15,3.85,
0.37,4.15,3.92,
0.36,2.85,3.82,
0.36,2.87,3.82,
0.37,4.19,3.93,
0.36,2.41,3.77,
0.37,3.02,3.83,
0.37,3.17,3.83,
0.39,4.55,3.95,
0.37,2.86,3.81,
0.37,2.15,3.71,
0.37,2.78,3.78,
0.38,3.6,3.86,
0.32,1.53,3.2,
0.39,4.18,3.92,
0.39,3.08,3.82,
0.39,4.18,3.9,
0.38,2.44,3.75,
0.4,3.85,3.91,
0.39,2.77,3.78,
0.39,2.66,3.75,
0.4,3.46,3.82,
0.4,2.99,3.78,
0.4,3.53,3.85,
0.4,2.77,3.76,
0.4,2.68,3.73,
0.4,3.16,3.81,
0.41,4.03,3.86,
0.42,4.5,3.92,
0.42,3.12,3.8,
0.42,2.6,3.82,
0.42,3.46,3.81,
0.41,2.75,3.74,
0.41,2.58,3.71,
0.44,4.48,3.9,
0.42,2.57,3.72,
0.42,2.57,3.72,
0.44,4.51,3.9,
0.41,2.1,3.69,
0.42,3.06,3.77,
0.44,4.14,3.88,
0.42,2.83,3.75,
0.43,2.68,3.75,
0.43,2.99,3.77,
0.43,3.04,3.79,
0.43,3.42,3.79,
0.43,3.54,3.8,
0.43,2.6,3.72,
0.44,3.03,3.79,
0.43,2.1,3.67,
0.43,2.1,3.67,
0.43,2.08,3.66,
0.44,3.15,3.76,
0.44,3.49,3.8,
0.45,4.0,3.83,
0.44,3.65,3.8,
0.45,4.12,3.83,
0.37,1.53,3.16,
0.45,3.82,3.82,
0.45,3.81,3.82,
0.46,3.91,3.83,
0.45,3.5,3.8,
0.45,3.73,3.81,
0.46,3.7,3.82,
0.45,3.37,3.79,
0.46,4.3,3.85,
0.46,3.13,3.79,
0.46,3.36,3.79,
0.46,4.0,3.82,
0.46,3.18,3.77,
0.46,3.32,3.8,
0.46,4.02,3.82,
0.46,3.44,3.8,
0.46,4.1,3.83,
0.47,3.97,3.83,
0.47,4.22,3.84,
0.46,3.54,3.81,
0.47,4.23,3.84,
0.47,3.07,3.8,
0.47,3.58,3.81,
0.48,4.2,3.84,
0.47,3.02,3.78,
0.47,3.06,3.78,
0.47,3.43,3.8,
0.48,3.51,3.81,
0.39,1.52,3.15,
0.48,3.78,3.83,
0.48,3.9,3.83,
0.49,4.24,3.85,
0.49,4.29,3.83,
0.49,4.28,3.83,
0.49,3.63,3.82,
0.5,4.23,3.84,
0.49,3.02,3.8,
0.5,3.21,3.8,
0.5,3.21,3.8,
0.5,2.99,3.8,
0.51,3.01,3.81,
0.42,1.51,3.13,
0.52,3.23,3.83,
0.53,4.15,3.88,
0.53,4.44,3.82,
0.5,2.34,3.63,
0.54,4.23,3.87,
0.54,4.23,3.87,
0.51,2.36,3.64,
0.44,1.49,3.09,
0.51,1.9,3.52,
0.52,2.51,3.62,
0.52,2.61,3.64,
0.55,4.32,3.79,
0.55,3.4,3.85,
0.56,3.34,3.85,
0.52,2.02,3.57,
0.45,1.5,3.09,
0.56,3.24,3.84,
0.45,1.52,3.09,
0.56,2.95,3.83,
0.56,3.25,3.84,
0.45,1.5,3.08,
0.57,3.45,3.88,
0.57,3.24,3.86,
0.58,3.51,3.87,
0.56,4.22,3.77,
0.57,3.13,3.85,
0.58,3.16,3.84,
0.58,3.03,3.84,
0.55,2.35,3.61,
0.58,3.25,3.85,
0.58,3.25,3.85,
0.58,3.19,3.86,
0.58,2.97,3.86,
0.58,3.4,3.86,
0.58,2.93,3.84,
0.59,2.93,3.86,
0.59,2.93,3.86,
0.59,3.07,3.86,
0.59,3.15,3.86,
0.58,4.42,3.78,
0.59,3.44,3.87,
0.48,1.51,3.1,
0.59,3.07,3.85,
0.61,3.79,3.9,
0.61,3.59,3.9,
0.62,4.19,3.9,
0.57,2.02,3.53,
0.6,4.18,3.72,
0.63,4.02,3.91,
0.6,4.19,3.72,
0.6,4.15,3.72,
0.58,2.31,3.56,
0.57,2.03,3.53,
0.64,3.99,3.92,
0.64,4.19,3.9,
0.58,2.44,3.55,
0.58,1.89,3.49,
0.59,2.34,3.55,
0.65,4.02,3.91,
0.59,2.43,3.54,
0.59,2.33,3.54,
0.63,4.35,3.73,
0.63,4.14,3.7,
0.66,4.19,3.88,
0.59,1.94,3.46,
0.59,1.94,3.46,
0.61,2.55,3.56,
0.61,2.55,3.56,
0.6,1.89,3.49,
0.6,2.01,3.51,
0.6,2.17,3.49,
0.6,1.94,3.47,
0.62,2.76,3.56,
0.64,4.13,3.7,
0.61,2.05,3.49,
0.67,4.19,3.86,
0.6,1.95,3.47,
0.64,4.11,3.67,
0.61,2.12,3.49,
0.62,2.27,3.51,
0.64,4.11,3.65,
0.62,2.31,3.51,
0.62,2.31,3.51,
0.62,2.01,3.49,
0.62,2.25,3.49,
0.63,2.32,3.5,
0.62,1.93,3.45,
0.63,2.11,3.48,
0.64,2.43,3.5,
0.64,2.28,3.5,
0.64,2.28,3.5,
0.67,4.12,3.65,
0.65,2.3,3.5,
0.65,2.26,3.49,
0.56,1.46,3.0,
0.65,2.0,3.46,
0.66,2.46,3.48,
0.69,4.11,3.63,
0.57,1.47,2.99,
0.57,1.47,2.99,
0.67,2.29,3.5,
0.7,4.08,3.62,
0.69,4.13,3.61,
0.66,2.0,3.41,
0.67,1.96,3.42,
0.71,4.08,3.62,
0.68,2.27,3.45,
0.68,2.27,3.45,
0.59,1.48,2.98,
0.75,4.13,3.82,
0.59,1.49,2.99,
0.69,2.29,3.46,
0.7,0.77,3.48,
0.69,2.2,3.43,
0.73,4.07,3.59,
0.69,2.19,3.41,
0.7,0.58,3.43,
0.71,1.02,3.46,
0.61,1.48,2.97,
0.71,0.75,3.44,
0.71,0.75,3.44,
0.79,4.11,3.8,
0.72,0.68,3.45,
0.71,2.25,3.43,
0.72,0.66,3.45,
0.72,0.93,3.44,
0.78,4.02,3.77,
0.74,4.13,3.56,
0.75,4.07,3.58,
0.72,0.6,3.42,
0.79,4.02,3.79,
0.72,0.61,3.44,
0.72,0.77,3.43,
0.72,0.82,3.43,
0.72,1.08,3.45,
0.75,4.08,3.56,
0.73,0.64,3.45,
0.73,0.67,3.45,
0.73,1.02,3.45,
0.74,1.22,3.5,
0.76,4.03,3.57,
0.71,1.85,3.36,
0.68,1.34,3.2,
0.74,1.19,3.49,
0.72,2.27,3.41,
0.62,1.43,2.94,
0.73,1.01,3.45,
0.73,0.68,3.44,
0.73,0.68,3.44,
0.74,0.82,3.45,
0.8,3.98,3.76,
0.8,4.09,3.75,
0.74,0.79,3.44,
0.74,0.92,3.44,
0.74,1.03,3.45,
0.73,0.55,3.39,
0.73,0.57,3.39,
0.78,4.07,3.58,
0.74,2.39,3.41,
0.64,1.43,2.94,
0.75,1.05,3.46,
0.75,1.05,3.46,
0.75,0.86,3.43,
0.74,2.18,3.38,
0.74,0.59,3.39,
0.83,4.08,3.76,
0.76,1.12,3.45,
0.67,1.56,3.0,
0.74,1.85,3.34,
0.76,1.14,3.45,
0.74,2.12,3.36,
0.79,4.23,3.56,
0.77,1.1,3.48,
0.81,4.04,3.65,
0.76,0.6,3.38,
0.76,0.53,3.38,
0.76,2.25,3.38,
0.76,0.56,3.37,
0.76,2.38,3.39,
0.76,0.51,3.37,
0.8,4.01,3.53,
0.78,1.16,3.46,
0.79,1.11,3.47,
0.73,1.3,3.23,
0.77,0.5,3.37,
0.75,1.82,3.31,
0.77,2.39,3.38,
0.77,2.37,3.38,
0.79,1.12,3.47,
0.77,2.13,3.35,
0.77,0.6,3.38,
0.77,2.27,3.37,
0.77,2.24,3.38,
0.77,2.24,3.38,
0.77,2.21,3.36,
0.69,1.57,3.0,
0.8,0.93,3.47,
0.77,0.57,3.35,
0.8,1.2,3.45,
0.78,2.33,3.37,
0.86,3.81,3.72,
0.78,2.4,3.37,
0.78,0.51,3.36,
0.79,0.7,3.42,
0.78,1.94,3.34,
0.67,1.44,2.9,
0.75,1.29,3.21,
0.75,1.29,3.21,
0.8,0.72,3.45,
0.75,1.28,3.22,
0.82,1.05,3.49,
0.82,0.93,3.48,
0.79,0.6,3.36,
0.83,4.02,3.51,
0.83,1.12,3.49,
0.83,1.14,3.49,
0.83,1.14,3.49,
0.88,4.04,3.68,
0.87,4.04,3.64,
0.79,1.93,3.31,
0.89,4.02,3.69,
0.8,2.11,3.32,
0.9,4.05,3.72,
0.8,2.2,3.33,
0.85,3.99,3.48,
0.81,0.5,3.32,
0.81,2.11,3.33,
0.82,2.45,3.34,
0.91,4.05,3.7,
0.82,0.55,3.3,
0.81,1.92,3.28,
0.9,4.0,3.64,
0.87,4.16,3.5,
0.71,1.44,2.87,
0.86,3.98,3.47,
0.86,3.98,3.47,
0.86,4.06,3.46,
0.83,2.22,3.32,
0.83,0.55,3.3,
0.83,1.23,3.32,
0.83,0.5,3.3,
0.83,2.24,3.31,
0.83,2.24,3.31,
0.83,0.57,3.3,
0.83,0.57,3.3,
0.72,1.44,2.86,
0.84,0.52,3.3,
0.84,2.32,3.31,
0.86,0.68,3.37,
0.84,1.83,3.33,
0.84,0.54,3.3,
0.84,0.49,3.29,
0.85,2.28,3.3,
0.74,1.43,2.86,
0.84,0.55,3.27,
0.84,0.52,3.28,
0.74,1.46,2.87,
0.84,1.9,3.26,
0.84,0.57,3.27,
0.74,1.46,2.85,
0.85,0.55,3.27,
0.95,3.97,3.65,
0.86,2.2,3.3,
0.85,1.92,3.26,
0.85,0.55,3.26,
0.85,0.52,3.26,
0.86,2.33,3.28,
0.9,3.95,3.43,
0.9,1.15,3.43,
0.93,3.97,3.56,
0.85,1.91,3.25,
0.85,1.91,3.25,
0.9,3.95,3.44,
0.9,3.95,3.44,
0.86,1.93,3.25,
0.9,1.18,3.4,
0.91,1.14,3.43,
0.86,1.23,3.24,
0.87,2.06,3.26,
0.92,4.03,3.44,
0.88,2.41,3.29,
0.87,0.56,3.26,
0.76,1.44,2.84,
0.91,1.07,3.4,
0.88,0.48,3.27,
0.93,4.11,3.43,
0.96,3.97,3.57,
0.92,4.06,3.42,
0.93,4.08,3.42,
0.92,1.13,3.41,
0.88,2.11,3.27,
0.95,3.96,3.52,
0.92,4.01,3.41,
0.89,0.5,3.26,
0.77,1.43,2.83,
0.87,1.23,3.2,
0.88,1.84,3.21,
0.77,1.41,2.82,
0.97,3.96,3.54,
0.97,3.96,3.54,
0.93,4.02,3.41,
0.99,3.99,3.61,
0.9,2.16,3.26,
0.77,1.42,2.82,
0.9,2.25,3.25,
0.94,3.95,3.4,
0.9,2.14,3.25,
0.88,1.22,3.19,
0.94,1.17,3.39,
0.94,1.13,3.38,
0.79,1.45,2.82,
0.9,2.18,3.25,
0.78,1.39,2.82,
0.9,0.58,3.23,
0.95,4.01,3.4,
0.91,2.39,3.25,
0.79,1.43,2.81,
0.79,1.41,2.81,
0.9,0.56,3.22,
0.79,1.39,2.82,
0.91,2.25,3.24,
0.79,1.42,2.81,
0.96,4.04,3.4,
0.9,1.87,3.2,
1.02,3.96,3.6,
0.97,4.13,3.42,
0.93,2.18,3.25,
0.96,3.93,3.36,
0.91,0.55,3.21,
0.91,0.52,3.2,
1.02,3.96,3.59,
0.8,1.43,2.81,
0.93,2.36,3.24,
0.8,1.42,2.81,
1.04,3.97,3.6,
0.92,2.02,3.19,
0.92,1.19,3.19,
1.03,3.96,3.57,
0.93,2.26,3.21,
1.03,3.95,3.57,
0.93,0.56,3.2,
0.82,1.39,2.8,
0.92,0.5,3.18,
0.81,1.39,2.79,
0.98,1.15,3.37,
0.82,1.44,2.8,
0.98,3.92,3.36,
0.81,1.41,2.79,
0.94,0.58,3.21,
0.95,2.39,3.21,
0.99,1.14,3.34,
0.83,1.38,2.78,
0.96,0.57,3.19,
0.96,2.16,3.2,
0.95,1.86,3.16,
0.95,0.5,3.16,
1.07,3.77,3.54,
0.96,2.12,3.18,
0.84,1.37,2.77,
0.84,1.37,2.77,
1.03,4.09,3.36,
0.98,2.36,3.19,
0.97,0.48,3.16,
1.08,3.9,3.53,
1.08,3.91,3.53,
0.98,2.16,3.17,
0.85,1.36,2.77,
0.98,2.37,3.19,
0.95,0.49,3.08,
0.99,2.14,3.18,
1.02,1.13,3.28,
1.04,3.89,3.34,
0.98,2.14,3.16,
0.98,0.47,3.15,
0.98,0.47,3.15,
0.98,2.19,3.17,
0.99,2.26,3.18,
0.98,2.01,3.15,
1.09,3.91,3.51,
0.99,0.56,3.15,
1.04,3.89,3.32,
1.0,0.64,3.2,
1.1,3.9,3.51,
1.0,2.14,3.18,
0.99,0.48,3.13,
1.01,2.15,3.17,
1.05,3.92,3.32,
1.03,1.13,3.23,
1.0,0.52,3.11,
1.01,2.38,3.17,
1.01,2.13,3.16,
1.01,2.28,3.16,
1.01,0.51,3.12,
1.0,0.48,3.11,
1.02,2.09,3.15,
1.02,2.15,3.16,
1.07,3.86,3.29,
1.13,3.88,3.49,
1.03,2.15,3.13,
1.08,3.89,3.28,
1.05,1.11,3.2,
1.03,0.47,3.12,
1.08,3.87,3.27,
1.02,0.48,3.1,
1.02,1.84,3.11,
1.03,1.16,3.12,
1.02,0.54,3.09,
1.03,2.25,3.13,
1.05,1.12,3.19,
1.03,0.56,3.1,
0.9,1.36,2.72,
1.05,1.13,3.15,
1.03,0.59,3.11,
1.04,1.15,3.12,
1.16,3.85,3.47,
1.16,3.76,3.45,
1.04,0.67,3.12,
1.05,2.35,3.12,
1.03,0.55,3.08,
1.04,0.53,3.09,
1.04,0.53,3.09,
1.05,2.11,3.11,
1.04,2.06,3.1,
1.06,1.14,3.14,
1.04,0.49,3.09,
1.05,0.65,3.09,
1.1,3.84,3.25,
1.17,3.87,3.45,
1.05,1.0,3.11,
1.05,0.71,3.09,
1.05,0.71,3.09,
1.05,0.85,3.1,
1.06,0.9,3.11,
1.11,3.91,3.25,
1.06,0.97,3.11,
1.06,2.11,3.08,
1.12,3.93,3.26,
1.07,0.93,3.11,
1.06,0.81,3.1,
1.18,3.84,3.43,
1.12,3.82,3.27,
1.06,0.57,3.07,
1.06,0.57,3.07,
1.07,1.1,3.12,
1.06,0.46,3.08,
1.06,0.66,3.08,
1.07,1.12,3.12,
1.05,0.53,3.06,
1.07,0.92,3.1,
1.06,0.6,3.07,
1.08,1.09,3.13,
1.08,1.08,3.12,
1.06,0.5,3.07,
1.05,1.79,3.04,
1.06,0.59,3.07,
1.07,0.8,3.09,
1.07,0.72,3.08,
1.06,0.54,3.06,
1.07,0.47,3.08,
1.08,0.82,3.09,
1.08,2.24,3.09,
1.07,0.49,3.08,
1.08,0.84,3.09,
1.08,0.89,3.1,
1.09,1.03,3.11,
1.08,0.91,3.1,
1.07,0.7,3.08,
1.07,0.66,3.06,
1.07,0.66,3.06,
1.07,0.47,3.06,
1.09,1.1,3.12,
1.13,3.87,3.23,
1.16,3.83,3.31,
1.08,0.81,3.09,
1.08,0.81,3.09,
1.08,0.73,3.07,
1.07,0.5,3.05,
1.08,2.28,3.07,
1.08,0.64,3.07,
1.09,0.99,3.1,
1.08,0.85,3.09,
1.08,0.52,3.06,
1.08,0.83,3.09,
1.08,0.79,3.07,
1.08,0.69,3.07,
1.08,2.22,3.07,
1.21,3.83,3.42,
1.14,3.8,3.22,
1.14,3.86,3.22,
1.09,0.77,3.08,
1.09,0.89,3.09,
1.08,0.64,3.06,
1.09,0.91,3.09,
1.17,3.81,3.32,
1.1,1.09,3.11,
1.08,1.94,3.04,
1.08,0.55,3.05,
1.08,1.83,3.05,
1.09,2.2,3.07,
1.11,1.09,3.12,
1.08,1.82,3.04,
1.08,1.82,3.04,
0.94,1.34,2.65,
1.1,0.49,3.06,
1.15,3.78,3.2,
1.23,3.84,3.42,
1.1,2.22,3.07,
1.19,3.81,3.31,
1.1,2.24,3.05,
1.11,0.47,3.07,
1.11,2.07,3.06,
1.16,3.77,3.19,
1.23,3.81,3.4,
0.96,1.35,2.65,
1.2,3.81,3.31,
1.2,3.81,3.31,
1.21,3.81,3.31,
1.14,1.05,3.11,
1.12,2.22,3.05,
1.13,0.48,3.07,
1.12,2.29,3.04,
1.12,2.29,3.04,
1.14,1.09,3.09,
0.98,1.38,2.64,
1.24,3.78,3.37,
1.12,2.11,3.03,
1.79,0.6,4.82,
1.12,1.99,3.02,
1.18,3.95,3.19,
1.17,1.1,3.14,
0.98,1.36,2.62,
1.13,2.09,3.02,
1.12,1.77,3.0,
1.14,2.07,3.04,
1.13,2.05,3.02,
1.13,2.09,3.01,
1.16,0.48,3.08,
1.17,0.82,3.11,
1.13,1.81,2.98,
0.99,1.32,2.61,
1.18,1.0,3.12,
1.18,1.0,3.12,
1.21,3.87,3.18,
1.15,2.17,3.02,
1.09,1.19,2.88,
0.99,1.35,2.61,
1.13,1.81,2.97,
1.2,3.79,3.16,
1.13,1.81,2.97,
1.14,1.9,2.98,
1.16,2.08,3.02,
1.21,3.79,3.16,
1.21,3.79,3.16,
1.22,3.86,3.16,
1.0,1.35,2.61,
1.19,0.54,3.1,
1.15,2.0,2.98,
1.15,2.11,2.99,
1.26,3.74,3.25,
1.0,1.32,2.6,
1.16,2.03,3.0,
1.15,1.92,2.96,
1.01,1.33,2.6,
1.2,0.53,3.09,
1.15,1.82,2.96,
1.17,2.28,3.0,
1.22,3.85,3.14,
1.22,1.04,3.13,
1.23,3.75,3.14,
1.16,1.92,2.97,
1.15,1.9,2.95,
1.16,1.82,2.95,
1.23,0.94,3.13,
1.17,1.95,2.96,
1.23,0.92,3.12,
1.29,3.76,3.26,
1.24,3.75,3.13,
1.17,1.92,2.96,
1.3,3.76,3.28,
1.03,1.31,2.59,
1.03,1.34,2.58,
1.17,1.9,2.94,
1.19,1.97,2.97,
1.2,2.24,2.99,
1.19,2.19,2.97,
1.33,3.71,3.3,
1.33,3.71,3.3,
1.18,1.94,2.94,
1.2,2.27,2.98,
1.27,0.91,3.15,
1.26,0.76,3.13,
1.26,0.76,3.13,
1.18,1.77,2.93,
1.26,3.73,3.11,
1.27,0.89,3.13,
1.18,1.8,2.92,
1.27,3.71,3.12,
1.06,1.4,2.61,
1.27,3.75,3.12,
1.21,2.27,2.98,
1.28,0.91,3.15,
1.05,1.35,2.58,
1.2,2.03,2.94,
1.29,0.73,3.14,
1.21,2.23,2.95,
1.06,1.33,2.56,
1.2,1.86,2.92,
1.27,3.73,3.09,
1.2,1.92,2.91,
1.06,1.32,2.57,
1.3,0.87,3.15,
1.31,0.9,3.16,
1.06,1.3,2.57,
1.36,3.69,3.28,
1.22,2.03,2.94,
1.22,2.01,2.93,
1.2,1.68,2.89,
1.37,3.46,3.29,
1.22,2.01,2.92,
1.29,3.73,3.08,
1.07,1.31,2.55,
1.23,2.05,2.93,
1.37,3.67,3.26,
1.37,3.67,3.26,
1.32,0.85,3.16,
1.22,1.94,2.91,
1.33,0.69,3.16,
1.66,0.51,3.95,
1.23,1.92,2.91,
1.21,1.78,2.86,
1.38,3.65,3.25,
1.34,0.86,3.16,
1.08,1.33,2.54,
1.08,1.32,2.54,
1.34,0.65,3.16,
1.34,0.65,3.16,
1.25,2.18,2.92,
1.25,2.02,2.92,
1.25,2.04,2.91,
1.36,0.67,3.17,
1.26,2.34,2.94,
1.23,1.72,2.87,
1.09,1.36,2.54,
1.09,1.34,2.54,
1.24,1.99,2.89,
1.28,2.61,2.96,
1.26,2.31,2.93,
1.27,2.36,2.94,
1.28,2.61,2.96,
1.28,2.61,2.96,
1.28,2.49,2.95,
1.27,2.33,2.93,
1.1,1.32,2.53,
1.24,1.7,2.86,
1.24,1.7,2.86,
1.32,3.68,3.05,
1.24,1.79,2.86,
1.38,0.66,3.18,
1.25,1.89,2.87,
1.24,1.75,2.85,
1.25,1.87,2.87,
1.29,2.71,2.97,
1.33,3.62,3.05,
1.1,1.3,2.52,
1.1,1.34,2.53,
1.26,2.0,2.89,
1.25,1.85,2.86,
1.25,1.85,2.86,
1.1,1.31,2.52,
1.26,1.72,2.87,
1.32,3.29,3.01,
1.26,1.97,2.88,
1.25,1.76,2.85,
1.31,2.88,2.97,
1.29,2.39,2.92,
1.26,1.77,2.85,
1.3,2.76,2.95,
1.35,3.55,3.04,
1.29,2.43,2.92,
1.29,2.34,2.92,
1.35,3.56,3.03,
1.32,2.85,2.97,
1.34,3.16,3.0,
1.3,2.38,2.92,
1.12,1.29,2.52,
1.31,2.67,2.95,
1.28,1.97,2.86,
1.29,2.29,2.89,
1.31,2.62,2.93,
1.34,3.2,2.99,
1.12,1.31,2.5,
1.17,1.23,2.6,
1.12,1.28,2.5,
1.27,1.71,2.84,
1.34,3.06,2.97,
1.17,1.22,2.61,
1.32,2.68,2.94,
1.33,2.85,2.94,
1.34,3.14,2.98,
1.28,1.74,2.83,
1.29,1.73,2.84,
1.28,1.69,2.82,
1.13,1.29,2.5,
1.13,1.29,2.5,
1.36,3.21,2.99,
1.32,2.35,2.9,
1.32,2.35,2.9,
1.29,1.75,2.84,
1.19,1.21,2.62,
1.36,3.12,2.98,
1.38,3.68,3.02,
1.35,3.15,2.97,
1.34,2.76,2.93,
1.29,1.7,2.82,
1.14,1.26,2.49,
1.29,1.76,2.83,
1.47,0.72,3.21,
1.37,3.15,2.98,
1.15,1.27,2.5,
1.33,2.39,2.9,
1.3,1.79,2.84,
1.36,3.22,2.98,
1.34,2.84,2.93,
1.19,1.21,2.61,
1.14,1.3,2.48,
1.36,3.0,2.95,
1.3,1.75,2.83,
1.32,2.33,2.88,
1.32,2.29,2.87,
1.35,2.93,2.94,
1.32,1.99,2.86,
1.29,1.68,2.8,
1.49,0.67,3.22,
1.16,1.26,2.52,
1.33,2.32,2.88,
1.37,3.14,2.96,
1.39,3.52,3.0,
1.32,1.92,2.84,
1.48,0.52,3.21,
1.14,1.3,2.47,
1.34,2.35,2.89,
1.36,2.65,2.93,
1.3,1.69,2.81,
1.32,2.15,2.85,
1.3,1.75,2.81,
1.5,0.7,3.22,
1.38,3.12,2.96,
1.38,3.12,2.96,
1.19,1.22,2.56,
1.39,3.2,2.97,
1.39,3.44,2.97,
1.32,1.83,2.83,
1.32,1.83,2.83,
1.35,2.44,2.88,
1.33,2.17,2.85,
1.33,2.17,2.85,
1.4,3.62,3.0,
1.38,3.21,2.95,
1.35,2.27,2.87,
1.34,2.1,2.86,
1.36,2.64,2.9,
1.4,3.5,2.98,
1.4,3.5,2.98,
1.17,1.28,2.47,
1.53,0.52,3.23,
1.17,1.31,2.46,
1.33,1.72,2.82,
1.16,1.3,2.46,
1.17,1.28,2.46,
1.34,1.78,2.83,
1.35,1.85,2.84,
1.35,2.06,2.85,
1.37,2.43,2.88,
1.55,0.61,3.25,
1.24,1.19,2.59,
1.41,3.41,2.95,
1.17,1.26,2.46,
1.43,3.71,2.99,
1.18,1.31,2.46,
1.36,1.76,2.83,
1.4,2.91,2.91,
1.39,2.64,2.89,
1.18,1.28,2.45,
1.37,1.8,2.84,
1.37,1.8,2.84,
1.43,3.47,2.96,
1.39,2.49,2.88,
1.56,0.58,3.24,
1.42,3.18,2.93,
1.4,2.47,2.89,
1.4,2.46,2.89,
1.19,1.27,2.44,
1.39,2.5,2.85,
1.39,2.5,2.85,
1.34,1.65,2.77,
1.4,2.48,2.87,
1.4,2.49,2.87,
1.45,3.66,2.97,
1.44,3.66,2.95,
1.19,1.29,2.43,
1.42,3.11,2.92,
1.59,0.52,3.25,
1.59,0.62,3.25,
1.41,2.46,2.89,
1.6,0.59,3.26,
1.34,1.61,2.74,
1.2,1.3,2.44,
1.19,1.26,2.43,
1.4,2.49,2.84,
1.19,1.28,2.42,
1.43,2.35,2.9,
1.36,1.65,2.75,
1.45,3.48,2.94,
1.2,1.26,2.43,
1.2,1.26,2.43,
1.41,2.52,2.83,
1.41,2.52,2.83,
1.36,1.63,2.74,
1.43,2.85,2.88,
1.62,0.54,3.26,
1.42,2.62,2.86,
1.21,1.26,2.43,
1.41,2.51,2.83,
1.42,2.73,2.86,
1.46,3.43,2.93,
1.45,2.45,2.91,
1.43,2.94,2.87,
1.44,2.89,2.87,
1.46,3.36,2.92,
1.46,2.38,2.92,
1.36,1.62,2.72,
1.46,2.43,2.92,
1.37,1.66,2.73,
1.64,0.47,3.28,
1.46,3.37,2.91,
1.44,2.9,2.87,
1.45,3.06,2.89,
1.47,3.51,2.92,
1.47,3.42,2.92,
1.37,1.61,2.72,
1.42,1.01,2.81,
1.47,3.36,2.92,
1.22,1.27,2.41,
1.66,0.46,3.29,
1.42,1.74,2.81,
1.45,3.12,2.88,
1.45,2.89,2.87,
1.44,2.6,2.84,
1.22,1.26,2.4,
1.48,3.33,2.9,
1.38,1.6,2.71,
1.23,1.25,2.41,
1.47,3.25,2.89,
1.45,2.88,2.85,
1.38,1.61,2.71,
1.48,3.45,2.92,
1.47,3.19,2.88,
1.22,1.24,2.41,
1.46,2.88,2.87,
1.49,3.5,2.91,
1.49,3.5,2.91,
1.48,3.18,2.89,
1.39,1.6,2.72,
1.49,3.46,2.91,
1.49,3.41,2.91,
1.69,0.47,3.3,
1.49,3.5,2.9,
1.46,2.87,2.85,
1.23,1.25,2.4,
1.51,3.67,2.92,
1.39,1.6,2.7,
1.48,3.16,2.88,
1.48,3.16,2.88,
1.23,1.27,2.39,
1.5,3.5,2.9,
1.39,1.61,2.69,
1.49,3.34,2.89,
1.5,3.53,2.9,
1.49,3.14,2.87,
1.4,1.62,2.69,
1.41,1.64,2.71,
1.24,1.28,2.39,
1.49,1.83,2.86,
1.23,1.25,2.37,
1.23,1.25,2.37,
1.45,2.47,2.78,
1.49,3.13,2.86,
1.39,1.58,2.68,
1.48,2.87,2.84,
1.51,3.54,2.89,
1.51,3.54,2.89,
1.48,2.84,2.83,
1.48,2.84,2.83,
1.47,0.96,2.82,
1.51,3.49,2.89,
1.74,0.48,3.31,
1.41,1.64,2.69,
1.5,2.87,2.84,
1.26,1.29,2.39,
1.41,1.58,2.68,
1.5,2.87,2.83,
1.5,2.86,2.83,
1.52,3.53,2.87,
1.53,3.54,2.88,
1.26,1.25,2.36,
1.47,2.44,2.76,
1.52,3.12,2.85,
1.53,3.41,2.87,
1.53,3.41,2.87,
1.5,2.87,2.81,
1.51,3.07,2.82,
1.53,3.42,2.86,
1.54,3.42,2.87,
1.51,2.95,2.82,
1.48,2.43,2.76,
1.27,1.23,2.36,
1.27,1.27,2.36,
1.51,2.86,2.8,
1.51,2.86,2.8,
1.49,2.45,2.76,
1.52,2.86,2.81,
1.49,2.43,2.76,
1.53,3.14,2.84,
1.54,3.12,2.84,
1.55,3.42,2.86,
1.44,1.57,2.66,
1.53,2.85,2.82,
1.51,2.97,2.79,
1.55,3.4,2.85,
1.46,1.66,2.7,
1.46,1.66,2.7,
1.49,2.44,2.75,
1.28,1.24,2.35,
1.53,3.01,2.81,
1.93,0.46,3.55,
1.52,2.98,2.8,
1.47,1.65,2.7,
1.54,3.12,2.82,
1.82,0.61,3.33,
1.53,2.83,2.8,
1.51,2.43,2.75,
1.84,0.49,3.35,
1.51,2.45,2.75,
1.3,1.23,2.36,
1.54,2.99,2.79,
1.54,2.84,2.79,
1.56,3.41,2.83,
1.55,3.05,2.8,
1.56,3.1,2.82,
1.55,3.07,2.8,
1.54,2.83,2.78,
1.53,2.56,2.75,
1.56,3.04,2.81,
1.52,2.43,2.73,
1.31,1.21,2.36,
1.58,3.52,2.84,
1.3,1.26,2.33,
1.56,3.06,2.8,
1.38,1.12,2.48,
1.56,3.04,2.79,
1.3,1.26,2.33,
1.58,3.5,2.83,
1.38,1.13,2.48,
1.57,3.14,2.8,
1.54,2.61,2.75,
1.4,1.11,2.49,
1.31,1.24,2.32,
1.39,1.12,2.47,
1.57,3.05,2.79,
1.56,2.83,2.78,
1.53,2.43,2.71,
1.6,3.41,2.83,
1.6,3.55,2.83,
1.31,1.23,2.31,
1.57,2.81,2.77,
1.48,1.59,2.61,
1.6,3.4,2.82,
1.65,0.83,2.9,
1.54,2.43,2.71,
1.6,3.45,2.81,
1.49,1.58,2.61,
1.56,2.81,2.74,
1.61,3.39,2.81,
1.32,1.21,2.31,
1.32,1.22,2.31,
1.54,2.41,2.69,
1.6,3.13,2.79,
1.58,2.95,2.76,
1.56,2.73,2.73,
1.33,1.24,2.31,
1.48,1.53,2.58,
1.58,2.81,2.74,
1.5,1.56,2.6,
1.55,2.45,2.7,
1.61,3.4,2.8,
1.33,1.22,2.3,
1.55,2.39,2.69,
1.57,2.54,2.72,
1.55,2.38,2.69,
1.62,3.53,2.81,
1.58,2.8,2.74,
1.62,3.54,2.81,
1.57,2.57,2.71,
1.59,2.8,2.75,
1.59,2.79,2.75,
1.34,1.2,2.31,
1.62,3.33,2.78,
1.33,1.22,2.29,
1.58,2.57,2.7,
1.58,2.57,2.7,
1.61,3.02,2.75,
1.57,2.4,2.68,
1.34,1.2,2.3,
1.61,3.01,2.74,
1.62,3.09,2.76,
1.62,3.1,2.76,
1.6,2.38,2.73,
1.57,2.39,2.68,
1.6,2.8,2.73,
1.64,3.37,2.78,
1.63,3.09,2.78,
1.35,1.21,2.29,
1.58,2.51,2.7,
1.58,2.51,2.7,
1.34,1.23,2.28,
1.52,1.56,2.58,
1.59,2.53,2.7,
1.6,2.52,2.7,
1.63,3.08,2.75,
1.65,3.35,2.78,
1.65,3.35,2.78,
1.36,1.25,2.29,
1.6,2.53,2.7,
1.58,2.38,2.66,
1.36,1.23,2.28,
1.65,3.35,2.77,
1.38,1.18,2.31,
1.62,2.77,2.72,
1.62,2.74,2.71,
1.65,3.08,2.76,
1.65,3.12,2.75,
1.58,2.37,2.65,
1.54,1.54,2.56,
1.36,1.22,2.27,
1.36,1.23,2.26,
1.54,1.55,2.56,
1.65,3.13,2.74,
1.62,2.66,2.69,
1.37,1.21,2.27,
1.68,3.35,2.78,
1.65,3.09,2.73,
1.37,1.22,2.26,
1.38,1.17,2.29,
1.65,3.03,2.72,
1.59,2.39,2.63,
1.64,2.79,2.7,
1.66,3.12,2.73,
1.6,2.37,2.65,
1.66,3.28,2.74,
1.66,3.19,2.73,
1.61,2.37,2.64,
1.55,1.52,2.54,
1.37,1.23,2.26,
1.37,1.22,2.26,
1.61,2.38,2.64,
1.62,2.65,2.66,
1.38,1.21,2.25,
1.61,2.37,2.64,
1.64,2.73,2.68,
1.41,1.16,2.31,
1.62,2.38,2.64,
1.62,2.38,2.64,
1.63,2.62,2.66,
1.69,3.32,2.75,
1.55,1.52,2.53,
1.69,3.34,2.73,
1.63,2.38,2.63,
1.62,2.37,2.62,
1.39,1.19,2.25,
1.66,2.92,2.69,
1.43,1.15,2.31,
1.68,3.05,2.71,
1.68,3.05,2.71,
1.65,2.68,2.65,
1.63,2.38,2.62,
1.7,3.33,2.73,
1.65,2.53,2.63,
1.41,1.23,2.24,
1.67,2.76,2.66,
1.64,2.35,2.6,
1.64,2.35,2.6,
1.67,2.76,2.65,
1.69,2.76,2.67,
1.64,2.36,2.6,
1.65,2.44,2.61,
1.65,2.35,2.6,
1.64,2.36,2.58,
1.41,1.2,2.22,
1.41,1.21,2.22,
1.66,2.48,2.6,
1.67,2.44,2.61,
1.42,1.2,2.22,
1.72,3.18,2.69,
2.11,0.44,3.27,
1.69,2.57,2.62,
1.68,2.44,2.6,
1.73,3.25,2.68,
1.42,1.2,2.2,
1.71,2.31,2.65,
1.69,2.59,2.61,
1.61,1.53,2.48,
1.73,3.21,2.67,
2.24,0.39,3.45,
1.71,2.91,2.64,
1.76,0.8,2.71,
2.27,0.39,3.48,
1.72,2.81,2.63,
1.7,0.88,2.6,
1.72,2.79,2.64,
1.69,2.35,2.58,
1.69,2.37,2.58,
1.69,2.37,2.58,
1.75,3.23,2.67,
1.84,0.73,2.81,
2.28,0.38,3.49,
1.8,0.76,2.75,
1.44,1.16,2.2,
1.74,2.99,2.65,
2.26,0.26,3.45,
1.63,1.65,2.49,
1.7,0.89,2.59,
1.73,2.94,2.64,
2.28,0.38,3.46,
1.73,2.79,2.62,
1.73,2.89,2.63,
1.44,1.18,2.19,
1.66,1.87,2.52,
1.76,3.3,2.68,
2.28,0.26,3.45,
1.76,3.31,2.67,
1.73,2.77,2.62,
1.69,2.29,2.55,
1.75,2.97,2.64,
1.66,1.87,2.5,
1.85,0.72,2.79,
1.75,2.97,2.63,
1.69,2.16,2.55,
2.28,0.38,3.43,
1.94,0.62,2.92,
1.88,0.69,2.83,
1.75,3.02,2.63,
1.66,1.85,2.49,
1.7,2.29,2.56,
1.85,0.73,2.78,
1.85,0.72,2.78,
1.45,1.19,2.18,
1.45,1.19,2.18,
1.93,0.63,2.89,
1.64,1.53,2.46,
1.81,0.79,2.7,
1.46,1.17,2.18,
1.7,2.13,2.54,
2.08,0.48,3.09,
1.86,0.73,2.77,
2.09,0.46,3.1,
1.76,2.96,2.62,
1.7,2.16,2.52,
1.7,2.09,2.52,
1.79,3.27,2.65,
2.3,0.35,3.4,
1.68,1.88,2.49,
2.3,0.34,3.4,
2.09,0.46,3.09,
1.78,3.01,2.63,
1.46,1.19,2.16,
1.96,0.63,2.88,
1.94,0.63,2.86,
1.78,2.98,2.62,
1.78,2.98,2.61,
1.79,3.17,2.63,
1.67,1.71,2.46,
1.66,1.62,2.44,
1.76,2.71,2.58,
1.76,2.73,2.58,
1.66,1.61,2.44,
1.8,3.26,2.63,
1.47,1.18,2.16,
2.31,0.33,3.39,
2.3,0.24,3.37,
1.93,0.66,2.83,
1.99,0.59,2.91,
2.3,0.26,3.36,
1.79,2.96,2.61,
1.7,2.04,2.49,
1.79,3.0,2.61,
1.99,0.6,2.9,
1.78,2.92,2.59,
1.68,1.61,2.44,
1.68,1.62,2.44,
2.32,0.26,3.36,
1.49,1.19,2.16,
1.77,2.81,2.57,
1.76,2.62,2.55,
1.49,1.19,2.16,
1.75,2.13,2.53,
1.8,2.99,2.61,
1.8,3.12,2.6,
2.33,0.29,3.36,
1.77,2.52,2.55,
2.33,0.36,3.36,
1.69,1.54,2.43,
1.76,2.43,2.53,
1.7,1.73,2.44,
1.49,1.17,2.14,
1.76,2.45,2.53,
1.75,2.43,2.52,
1.82,2.97,2.61,
1.82,3.24,2.61,
1.77,2.56,2.54,
1.8,3.01,2.58,
2.34,0.25,3.36,
1.76,2.5,2.53,
1.79,2.66,2.56,
1.72,1.87,2.45,
1.79,2.88,2.56,
1.79,2.6,2.55,
1.82,2.98,2.59,
1.76,2.3,2.5,
1.78,2.56,2.54,
1.7,1.54,2.42,
1.81,2.85,2.57,
1.81,2.91,2.57,
1.81,2.91,2.57,
1.79,2.55,2.54,
1.79,2.55,2.54,
1.77,2.32,2.5,
1.8,2.87,2.56,
1.82,2.97,2.57,
1.79,2.54,2.54,
2.05,0.55,2.91,
1.5,1.19,2.13,
1.69,1.51,2.4,
2.35,0.3,3.32,
1.51,1.18,2.13,
1.8,2.76,2.55,
2.36,0.33,3.34,
2.36,0.28,3.33,
2.36,0.25,3.33,
2.05,0.56,2.89,
2.07,0.55,2.93,
1.81,2.87,2.56,
1.76,2.1,2.49,
1.81,2.86,2.56,
1.81,2.8,2.56,
1.77,2.3,2.49,
1.74,2.02,2.46,
1.83,2.97,2.58,
1.83,3.0,2.58,
1.8,2.64,2.53,
1.81,2.69,2.54,
1.82,2.87,2.55,
1.83,2.98,2.57,
1.74,1.86,2.44,
1.52,1.13,2.13,
2.08,0.53,2.92,
2.38,0.23,3.33,
1.88,0.75,2.63,
1.53,1.15,2.14,
1.71,1.55,2.39,
1.52,1.19,2.13,
2.37,0.31,3.32,
1.81,2.67,2.53,
1.8,2.64,2.52,
1.52,1.2,2.13,
2.36,0.27,3.3,
1.82,2.67,2.54,
1.72,1.51,2.39,
1.52,1.14,2.12,
1.8,2.53,2.5,
1.8,2.42,2.51,
1.74,1.8,2.42,
1.8,2.39,2.5,
1.82,2.71,2.53,
1.77,2.12,2.46,
2.37,0.3,3.29,
1.84,2.98,2.56,
1.53,1.2,2.13,
1.79,2.36,2.49,
1.54,1.22,2.13,
2.37,0.26,3.29,
1.78,2.17,2.46,
2.36,0.34,3.28,
1.86,3.19,2.58,
1.82,2.65,2.53,
2.02,0.61,2.79,
1.53,1.14,2.12,
1.9,0.74,2.63,
1.9,0.74,2.63,
2.34,0.26,3.24,
2.38,0.32,3.29,
1.72,1.54,2.37,
2.39,0.3,3.3,
1.72,1.55,2.38,
1.85,2.95,2.56,
1.54,1.17,2.12,
1.81,2.44,2.49,
1.82,2.62,2.51,
1.77,2.01,2.44,
1.8,2.31,2.48,
1.78,2.16,2.45,
1.83,2.78,2.53,
2.38,0.31,3.28,
1.85,3.01,2.55,
1.86,3.02,2.56,
2.03,0.61,2.79,
1.76,1.86,2.42,
1.76,1.86,2.42,
1.84,2.77,2.53,
1.54,1.14,2.11,
1.8,2.29,2.47,
2.38,0.35,3.28,
1.86,2.99,2.55,
1.87,2.96,2.56,
1.85,2.77,2.53,
2.39,0.26,3.28,
1.88,3.25,2.57,
1.92,0.72,2.63,
2.39,0.33,3.27,
1.86,2.98,2.55,
1.84,2.66,2.52,
1.86,2.87,2.54,
1.83,2.7,2.51,
2.13,0.49,2.92,
2.13,0.49,2.92,
1.79,2.23,2.45,
1.84,2.72,2.52,
1.76,1.82,2.41,
1.54,1.12,2.11,
1.83,2.45,2.49,
1.55,1.18,2.11,
1.75,1.72,2.39,
1.82,2.4,2.49,
1.55,1.21,2.12,
1.87,2.95,2.56,
1.84,2.66,2.51,
1.85,2.7,2.52,
1.56,1.22,2.13,
1.8,2.18,2.45,
1.83,2.55,2.49,
1.85,2.76,2.52,
1.83,2.53,2.49,
1.87,2.81,2.54,
1.82,2.34,2.48,
1.87,2.88,2.54,
1.79,2.04,2.43,
1.76,1.71,2.39,
1.87,3.02,2.54,
1.85,2.71,2.51,
2.15,0.48,2.91,
2.12,0.5,2.88,
1.85,2.57,2.51,
1.83,2.57,2.48,
1.79,2.04,2.43,
1.86,2.68,2.52,
2.42,0.34,3.28,
1.74,1.49,2.35,
1.56,1.14,2.1,
1.85,2.6,2.5,
1.87,2.85,2.53,
1.87,2.85,2.53,
1.87,2.79,2.53,
1.85,2.62,2.5,
1.89,2.96,2.55,
1.88,2.8,2.53,
1.81,2.14,2.44,
1.83,2.31,2.46,
1.83,2.31,2.46,
1.85,2.6,2.49,
1.86,2.53,2.5,
1.87,2.72,2.52,
1.81,2.13,2.43,
1.81,2.13,2.43,
1.91,3.26,2.57,
1.81,2.16,2.43,
1.88,2.7,2.52,
1.58,1.21,2.13,
1.86,2.55,2.5,
1.86,2.4,2.49,
1.83,2.11,2.44,
1.89,2.78,2.52,
1.58,1.18,2.11,
1.87,2.56,2.5,
1.9,2.81,2.54,
1.88,2.44,2.5,
2.15,0.49,2.86,
2.15,0.49,2.86,
2.01,0.64,2.68,
2.04,0.62,2.71,
1.67,1.02,2.21,
1.6,1.19,2.12,
2.0,0.66,2.64,
2.31,0.36,2.98,
2.31,0.36,2.98,
2.06,0.63,2.63,
2.05,0.64,2.61,
2.35,0.34,2.98,
2.35,0.34,2.96,
2.07,0.64,2.59,
2.35,0.35,2.94,
1.95,0.76,2.44,
1.95,0.76,2.43,
1.96,0.77,2.42,
1.99,0.72,2.47,
1.99,0.73,2.46,
2.1,0.63,2.58,
2.23,0.48,2.74,
1.86,0.88,2.28,
2.33,0.39,2.84,
2.09,0.64,2.54,
2.05,0.68,2.48,
2.08,0.66,2.51,
2.08,0.66,2.51,
2.08,0.66,2.51,
2.41,0.33,2.9,
2.19,0.54,2.62,
1.97,0.78,2.36,
2.17,0.56,2.6,
2.39,0.35,2.85,
2.2,0.55,2.62,
2.18,0.57,2.59,
2.24,0.51,2.65,
2.01,0.75,2.38,
2.18,0.57,2.58,
2.44,0.33,2.87,
2.28,0.5,2.67,
2.16,0.59,2.54,
2.28,0.46,2.68,
2.28,0.48,2.67,
2.28,0.47,2.67,
2.06,0.7,2.41,
2.17,0.59,2.54,
2.11,0.67,2.46,
2.29,0.47,2.67,
2.26,0.5,2.63,
2.28,0.47,2.65,
2.28,0.47,2.65,
2.12,0.64,2.46,
2.11,0.65,2.45,
2.14,0.64,2.47,
2.3,0.47,2.65,
2.21,0.55,2.55,
2.29,0.48,2.63,
2.19,0.58,2.51,
2.18,0.59,2.49,
2.17,0.62,2.48,
2.34,0.43,2.66,
2.2,0.59,2.5,
2.3,0.47,2.62,
2.25,0.51,2.56,
2.34,0.44,2.66,
2.38,0.39,2.7,
2.36,0.41,2.68,
2.34,0.43,2.65,
2.5,0.32,2.8,
2.44,0.35,2.73,
2.42,0.36,2.71,
2.4,0.38,2.68,
2.33,0.45,2.6,
2.42,0.37,2.69,
2.38,0.42,2.63,
2.41,0.39,2.66,
2.36,0.47,2.6,
2.4,0.39,2.63,
2.49,0.31,2.73,
